0.4901960790157318
-0.6464497447013855
0.2539912760257721
-1.0997151136398315
1.1902097463607788
-0.598901093006134
1.1201080083847046
-1.1790450811386108
-0.4550195634365082
-1.3615384101867676
-0.6519546508789062
-0.610421895980835
0.0012209932319819927
0.837740421295166
-0.3183431923389435
-0.18068210780620575
-3.4879369735717773
-5.9508891105651855
-6.211925029754639
-9.186381340026855
-8.373308181762695
-10.607854843139648
-11.215500831604004
-13.69866943359375
-16.87198257446289
-19.07317543029785
-23.990644454956055
-29.429567337036133
-33.46167755126953
-38.40679931640625
-50.351627349853516
-70.88352966308594
-101.75663757324219
-144.7250213623047
-184.0452117919922
-199.98765563964844
-199.88412475585938
-139.21287536621094
-27.904287338256836
88.09687042236328
211.05470275878906
301.18798828125
298.8336181640625
296.701171875
294.379638671875
292.7816467285156
315.3749084472656
318.7262878417969
306.8634948730469
300.1372985839844
306.0458068847656
324.66033935546875
344.36297607421875
370.7879943847656
394.6859130859375
412.8067626953125
427.43682861328125
424.1116027832031
414.0030212402344
406.2828369140625
394.18634033203125
399.88238525390625
405.6152648925781
424.328125
451.56256103515625
477.7762756347656
530.3959350585938
554.5186157226562
570.809326171875
570.8321533203125
550.6219482421875
549.9955444335938
567.9654541015625
594.3758544921875
590.9976806640625
649.0927734375
791.585205078125
846.9468383789062
824.398681640625
893.3983154296875
1421.3668212890625
2156.5302734375
3063.50048828125
3981.254150390625
4016.458740234375
1942.718994140625
511.18658447265625
-4741.56787109375
-9282.6396484375
-10156.3349609375
-10669.71875
-8155.009765625
398.84893798828125
397.3379821777344
399.4842224121094
277.2170715332031
-2095.43603515625
-232.33944702148438
1297.6669921875
899.529296875
-517.5684204101562
-1293.6583251953125
-1763.1573486328125
-2123.791015625
-2150.669189453125
-1402.8758544921875
-1332.2301025390625
397.5926208496094
1732.8642578125
808.7976684570312
1133.21044921875
609.9430541992188
-381.8694763183594
-466.1285095214844
-355.02288818359375
-19.395824432373047
328.4539489746094
390.1833801269531
390.67401123046875
404.9189147949219
493.384765625
576.8323974609375
522.917724609375
619.9591674804688
579.7874755859375
482.76422119140625
524.2883911132812
458.14569091796875
491.7329406738281
547.9588012695312
446.9458312988281
345.1034240722656
340.0318908691406
347.5999755859375
368.15118408203125
438.520751953125
529.677978515625
709.645751953125
661.625244140625
594.832763671875
484.74798583984375
367.9424133300781
289.9110107421875
249.1696319580078
113.55464172363281
88.50511932373047
71.9373779296875
43.70893859863281
75.8475112915039
202.2844696044922
248.8848114013672
239.52854919433594
200.16070556640625
175.34642028808594
150.0751495361328
126.96813201904297
39.19195556640625
-38.16615295410156
-22.751832962036133
-31.60668182373047
-9.416095733642578
78.72106170654297
137.66331481933594
122.72150421142578
16.855546951293945
-4.171124458312988
-1.7675169706344604
35.856292724609375
57.29851150512695
66.92314910888672
68.614501953125
58.891380310058594
-36.975616455078125
-34.23712921142578
-34.79053497314453
-25.887004852294922
-9.042853355407715
-8.296459197998047
-10.173247337341309
-22.55828285217285
-39.27846145629883
-43.05530548095703
-45.30052185058594
-43.488319396972656
-28.234773635864258
-29.726505279541016
-29.787643432617188
-31.586402893066406
-48.22815704345703
-50.555973052978516
-48.78461456298828
-47.733558654785156
-37.555301666259766
-29.425020217895508
-15.407605171203613
-11.166934967041016
-9.918045043945312
-12.935681343078613
-14.080814361572266
-10.872132301330566
1.0417884588241577
18.646617889404297
22.572742462158203
24.153963088989258
-9.78402042388916
-9.528706550598145
-8.331196784973145
-5.414703369140625
9.427642822265625
19.959247589111328
30.96224594116211
30.77591896057129
22.038089752197266
18.376636505126953
18.477052688598633
17.99775505065918
12.617711067199707
10.149316787719727
11.63428783416748
9.664278030395508
-2.837646484375
-5.377691745758057
-3.5485315322875977
-5.804433345794678
-5.022255897521973
-7.5797576904296875
-14.655920028686523
-19.42286491394043
-25.874305725097656
-30.330942153930664
-29.754959106445312
-21.371074676513672
-8.632308959960938
-6.083946228027344
-7.381737232208252
-16.727510452270508
-33.164981842041016
-22.45332908630371
-30.234037399291992
-15.575948715209961
-9.43533706665039
-13.564334869384766
-13.590618133544922
-14.200671195983887
-4.987419128417969
-0.002651822054758668
-2.4573357105255127
-6.223519802093506
-4.485515594482422
6.1306304931640625
-1.7718826532363892
7.975261211395264
2.674299478530884
2.489320755004883
2.806710720062256
4.159338474273682
12.069467544555664
17.227121353149414
19.124303817749023
19.818134307861328
7.781577110290527
2.298215627670288
0.8755970001220703
4.84056282043457
6.609793663024902
7.221370220184326
7.426244735717773
7.698902606964111
4.408727169036865
2.278491258621216
3.8885445594787598
1.7164195775985718
0.42852920293807983
-3.112217426300049
-5.491501331329346
-12.790054321289062
-15.498355865478516
-15.346793174743652
-11.721508979797363
-5.628084659576416
1.4857102632522583
1.3815724849700928
2.0662639141082764
-3.5506439208984375
-16.2642765045166
-10.587201118469238
-14.483621597290039
-3.787991523742676
-2.674511194229126
-5.655749797821045
-7.043412208557129
-3.344249963760376
8.620715141296387
13.670982360839844
14.299314498901367
11.070830345153809
5.281797409057617
-0.6991623044013977
0.07311510294675827
-3.9032750129699707
5.312262058258057
12.671744346618652
10.517898559570312
16.836254119873047
20.801218032836914
13.100532531738281
10.178979873657227
-6.9047980308532715
-16.72505760192871
-11.896419525146484
2.8522467613220215
12.697638511657715
6.391470432281494
-3.5095202922821045
3.545316219329834
-4.877379894256592
-3.3084540367126465
-0.03884245827794075
-0.22010666131973267
-0.035034384578466415
-7.817974090576172
-12.303884506225586
-12.024372100830078
-8.990859985351562
-4.350342750549316
-4.094440460205078
-4.287128925323486
-5.258187294006348
-3.9360244274139404
-3.6443259716033936
-2.7753236293792725
-3.6565117835998535
-4.980197906494141
-0.5575019717216492
-3.7791316509246826
1.8134045600891113
3.492764949798584
4.610053062438965
4.0616912841796875
5.741050720214844
7.08377742767334
4.498096466064453
4.734196186065674
4.237623691558838
7.7943644523620605
10.646610260009766
10.230769157409668
11.592535972595215
1.522467851638794
1.0761613845825195
-0.06473729014396667
0.8370141386985779
0.35415080189704895
1.647372841835022
6.085300445556641
11.554455757141113
12.162985801696777
5.575018405914307
-0.49124154448509216
-10.102056503295898
-9.517136573791504
-8.231531143188477
-6.299314498901367
-2.2977912425994873
-9.760091781616211
-14.328255653381348
-13.19040298461914
-14.07387638092041
-7.151561260223389
-0.8156890869140625
1.5613104104995728
3.9885754585266113
1.8979438543319702
1.859101414680481
-1.0738767385482788
-3.5407462120056152
-12.244478225708008
-14.0715913772583
-12.437928199768066
-13.402132987976074
4.468392848968506
9.890327453613281
8.074637413024902
11.190403938293457
8.587966918945312
6.863670825958252
3.8728103637695312
2.534653425216675
3.14165997505188
4.838537693023682
5.243717193603516
4.731150150299072
3.358720064163208
4.1233811378479
3.958111524581909
6.082254409790039
6.832444190979004
8.153084754943848
7.281036376953125
7.405179500579834
3.814166307449341
0.9390706419944763
0.5255137085914612
-2.449352502822876
-3.0182788372039795
-2.1165270805358887
-0.32292476296424866
1.3869001865386963
1.644325613975525
0.18354953825473785
0.44782936573028564
-1.5734962224960327
-2.872048854827881
-0.7913177013397217
-2.6511805057525635
-0.538461446762085
-2.7654225826263428
-7.0289411544799805
-15.531606674194336
-18.840822219848633
-15.102056503295898
-4.622239112854004
4.487433433532715
7.4661078453063965
7.742574691772461
4.301599025726318
5.1873579025268555
1.8088347911834717
0.8057882189750671
0.2802739441394806
1.648895502090454
1.4577304124832153
1.5453161001205444
-0.4105103313922882
-0.8956589698791504
0.6664127707481384
2.4554455280303955
8.379283905029297
7.514852046966553
5.819497108459473
-1.7227718830108643
-0.7166789770126343
-1.7014466524124146
0.39908578991889954
8.432597160339355
6.091393947601318
7.950494289398193
4.424980640411377
-5.642802715301514
-7.345011234283447
-5.290174961090088
-0.8842349052429199
7.780654430389404
9.533892631530762
8.59710693359375
4.191165447235107
-2.8979437351226807
-9.437167167663574
-9.17745590209961
-12.463823318481445
-1.8293983936309814
4.492764949798584
2.699162244796753
5.023610591888428
-4.814927577972412
-9.504188537597656
-10.777608871459961
-5.764660835266113
2.064736843109131
4.861386299133301
6.07768440246582
3.2437167167663574
-3.5742571353912354
-7.802742004394531
-6.507235050201416
-6.549124240875244
4.825589656829834
7.533891677856445
6.79664945602417
6.9543023109436035
1.2353394031524658
-1.94211745262146
-1.2703735828399658
1.4310742616653442
3.741812229156494
4.239147186279297
3.067021608352661
2.1111953258514404
2.9238388538360596
2.146991491317749
4.033511161804199
3.396800994873047
1.9253617525100708
-0.3061690330505371
-0.48134031891822815
-1.4356437921524048
-3.8667173385620117
-2.966489315032959
-1.1614627838134766
-0.24219326674938202
1.0228488445281982
0.7326728105545044
2.7669458389282227
1.3731911182403564
-1.6283323764801025
-1.2231532335281372
-1.1683169603347778
-0.6869763731956482
-2.241431713104248
-1.4402133226394653
-2.837775945663452
-1.9428788423538208
0.2581876814365387
2.831683397293091
6.09139347076416
4.657273769378662
-4.255902290344238
-12.200304985046387
-13.461538314819336
-10.691546440124512
-1.8469154834747314
7.12261962890625
8.371667861938477
12.321401596069336
1.1576545238494873
-3.395277738571167
-2.347296714782715
-3.905559778213501
-0.8271134495735168
1.2993148565292358
4.121858596801758
5.334349155426025
4.760091781616211
1.7212492227554321
0.3450110852718353
-3.4539225101470947
-4.154607772827148
-0.836252748966217
-2.508758544921875
1.8659560680389404
3.172886610031128
1.912414312362671
1.788271427154541
-0.11881222575902939
-3.7037317752838135
-2.424980878829956
-3.221630096435547
-3.8210208415985107
-5.5917744636535645
-3.972581624984741
-1.774561882019043
1.9687738418579102
4.720487117767334
2.3191165924072266
3.316070079803467
0.1447070986032486
0.046458516269922256
4.280273914337158
1.392993450164795
4.578065395355225
-1.9162226915359497
-5.2894134521484375
-6.606245517730713
-7.1462297439575195
-4.128713130950928
1.8568159341812134
6.843868255615234
8.69611644744873
6.69459342956543
3.4447832107543945
6.406702995300293
2.917745351791382
-4.564356327056885
-4.242193222045898
-4.541507720947266
-2.792079210281372
-1.467631220817566
1.159939169883728
1.6001522541046143
3.7532365322113037
3.5445542335510254
5.148514747619629
3.8857581615448
4.98248291015625
2.9900989532470703
1.4226956367492676
-0.30236124992370605
-3.4904797077178955
-5.409748554229736
-1.7281033992767334
-3.377760648727417
1.5140900611877441
2.766184091567993
2.760852575302124
-0.9200307130813599
-2.9428791999816895
-4.194973468780518
-3.351865768432617
-0.8271136283874512
0.3115003705024719
-2.8522467613220215
-2.206397771835327
-3.2315309047698975
-1.1614623069763184
3.8050267696380615
2.2315306663513184
2.958110809326172
0.5476006269454956
-2.1271896362304688
-3.05407452583313
-3.3663365840911865
-1.3663365840911865
1.496572494506836
2.753236770629883
3.2505712509155273
1.8926119804382324
0.4211733341217041
-2.3587207794189453
-1.4821021556854248
-0.7936025857925415
3.9398324489593506
4.008378028869629
4.517898082733154
2.1111960411071777
-1.1378523111343384
-1.6892614364624023
-2.1058645248413086
-0.5026655197143555
1.3648130893707275
2.352627992630005
2.1805031299591064
0.6077684760093689
-3.7966489791870117
-1.745620608329773
-3.3869001865386963
-0.9657275080680847
3.4364047050476074
2.9032750129699707
2.3107383251190186
2.003046751022339
-6.830160140991211
-5.9169840812683105
-4.752475261688232
-2.1858339309692383
1.99543035030365
1.85529363155365
2.9923837184906006
0.3351104259490967
0.8560546636581421
-0.6930693984031677
0.4386902153491974
-1.4760091304779053
0.08987066894769669
0.9413557052612305
1.200304627418518
2.408987045288086
0.0472201406955719
-1.6892613172531128
-1.8111196756362915
-2.5567402839660645
0.7090634107589722
1.5102815628051758
4.250570774078369
2.0883469581604004
0.6138613224029541
-3.1561310291290283
-1.259710669517517
-3.99466872215271
1.4722012281417847
3.0129477977752686
3.11348032951355
3.504950523376465
2.207920789718628
1.8537700176239014
1.7920790910720825
0.836252748966217
-3.2909367084503174
-3.9801979064941406
-4.727342128753662
-0.840822696685791
1.9741050004959106
3.415842056274414
3.542269468307495
2.7996954917907715
-3.940593957901001
-4.527037143707275
-4.155369281768799
-4.506473541259766
-1.5658797025680542
-1.1150038242340088
1.3328255414962769
1.8217823505401611
4.474485874176025
3.8453927040100098
3.889566421508789
1.6725059747695923
-4.9238386154174805
-3.517136335372925
-5.105864524841309
-3.2543792724609375
-0.9428788423538208
0.6016755104064941
-0.6755521893501282
0.5392230153083801
0.2962682247161865
2.5917747020721436
4.277988910675049
4.021325588226318
1.6572731733322144
-0.23229239881038666
-2.3800456523895264
-2.424980878829956
-1.9977152347564697
-1.0860624313354492
0.7395279407501221
0.1142420619726181
1.3617666959762573
1.4912415742874146
1.5194212198257446
2.6709823608398438
1.2018276453018188
-0.11348062008619308
-0.4409749507904053
-1.9322162866592407
-2.7311501502990723
-1.0510281324386597
0.25057122111320496
2.2178220748901367
1.8659559488296509
1.8134043216705322
2.210205554962158
0.8697637915611267
0.06930691003799438
-2.02437162399292
-0.1964966356754303
-1.9543031454086304
-3.172886610031128
-3.539984703063965
-2.5217061042785645
-0.25514084100723267
-0.22772270441055298
2.3610053062438965
2.335110664367676
0.961919367313385
-2.276466131210327
-2.7364814281463623
-3.372429609298706
-2.612338066101074
2.0045700073242188
4.600152492523193
3.1150035858154297
3.97334361076355
-0.37699928879737854
-1.8682407140731812
-1.319116473197937
-1.01218581199646
-0.3891851305961609
-0.6953541040420532
0.6755520701408386
-0.7532368302345276
1.2635186910629272
1.8697638511657715
1.591774582862854
2.0
0.7319117188453674
-1.8408225774765015
-0.5971058011054993
-2.3328256607055664
-2.6024372577667236
-1.781416654586792
0.3792840838432312
0.52932208776474
2.1157655715942383
1.782178282737732
1.3442497253417969
-0.5643564462661743
-2.150038003921509
-3.571211099624634
-3.0251331329345703
-2.8750951290130615
2.2802741527557373
1.888804316520691
3.1462299823760986
1.792079210281372
1.1843106746673584
-0.7631378769874573
-1.4394516944885254
-1.6641279458999634
-2.2368621826171875
-1.1698400974273682
0.07311500608921051
0.18583396077156067
0.7090632319450378
-0.2863670885562897
1.0822542905807495
0.15765424072742462
0.08301601558923721
-0.016755500808358192
0.21477533876895905
0.8172124624252319
3.1393754482269287
1.923838496208191
1.3297791481018066
-1.253617763519287
-4.155369281768799
-3.283320665359497
-1.8492002487182617
0.44478294253349304
1.7334349155426025
2.484386920928955
2.190403699874878
2.6884994506835938
-1.2711347341537476
-0.22239147126674652
-0.9322163462638855
0.5765422582626343
2.9154605865478516
2.1355674266815186
1.8210206031799316
0.5125666260719299
-1.596344232559204
-2.0251333713531494
-0.8552932739257812
-1.537699818611145
-0.29931455850601196
-0.22162985801696777
-0.10434121638536453
0.07463821768760681
-2.4501142501831055
-1.668697714805603
-2.2612338066101074
-0.9786747694015503
2.0693068504333496
0.8926123380661011
1.083016037940979
-1.6344250440597534
0.3115003705024719
0.12261995673179626
3.849961996078491
2.4150800704956055
2.4539222717285156
0.11500382423400879
0.07006850838661194
-1.9687737226486206
-1.3259711265563965
1.7197258472442627
0.8453922271728516
2.7303884029388428
1.1386138200759888
-0.6115766167640686
-0.7166793346405029
-2.1919267177581787
-1.8964203596115112
0.4554455578327179
0.033511094748973846
0.006092968862503767
-2.138613700866699
-2.99314546585083
-2.7981719970703125
-1.504188895225525
1.6420410871505737
1.408225417137146
1.7075400352478027
0.5856816172599792
-0.07844623178243637
-0.13252092897891998
-1.0898704528808594
-3.344249725341797
-5.447067737579346
-6.341203212738037
-2.3960397243499756
0.9124143123626709
2.6793601512908936
4.842345714569092
4.715156078338623
4.9832444190979
-0.8987053036689758
-0.9383093118667603
-1.2063976526260376
-0.5765423774719238
-1.5643565654754639
0.6047220230102539
0.5712109208106995
1.2498096227645874
1.6884995698928833
-0.4341202676296234
0.4881949722766876
-2.111957550048828
-1.6336631774902344
-1.255141019821167
-1.3236864805221558
-0.7052552103996277
0.8134044408798218
0.7037318348884583
0.7212489247322083
0.19192686676979065
-0.9862908720970154
-0.0388423390686512
1.485148549079895
2.217060089111328
-0.23076920211315155
0.5552171468734741
-0.8956590294837952
0.5148515105247498
-1.6031986474990845
2.2871286869049072
-0.48590996861457825
2.699162244796753
-0.03655754029750824
-1.0220866203308105
-0.9451637268066406
-1.693830966949463
-0.6702209115028381
-0.9314544796943665
0.5072353482246399
0.3343488872051239
-0.15384599566459656
1.1089110374450684
0.48971807956695557
2.309215545654297
1.5757806301116943
1.5841584205627441
1.4767706394195557
1.5148513317108154
-0.8758569955825806
-0.668697714805603
-0.9329777359962463
-0.46230006217956543
-0.5224674344062805
-0.4821018576622009
0.5765422582626343
-0.2962680757045746
-1.8674789667129517
-0.8301599025726318
-1.0913939476013184
1.3975627422332764
1.8789032697677612
2.201066255569458
1.823305368423462
0.054074764251708984
-2.854531764984131
-2.3107388019561768
-2.3434884548187256
-1.05255126953125
-0.37090617418289185
1.1325209140777588
-0.23000766336917877
1.7014470100402832
-0.27875080704689026
0.45544546842575073
1.3632901906967163
0.9329778552055359
0.047219883650541306
-1.2505711317062378
0.08530061691999435
-1.201827883720398
-4.0746378898620605
-1.9664888381958008
-2.9908602237701416
-0.8987051248550415
1.7783700227737427
2.7669458389282227
2.153846025466919
0.10586458444595337
-1.7707539796829224
-2.7821786403656006
-2.047220230102539
-1.1865957975387573
0.160700723528862
0.3335873484611511
0.9169838428497314
-0.12871286273002625
-0.6290938258171082
2.0114243030548096
0.9017518758773804
2.5430312156677246
3.8050265312194824
1.3739525079727173
0.5620714426040649
-2.1073875427246094
-3.3274946212768555
-3.4638233184814453
-0.6808833479881287
-0.06626038253307343
-0.36481353640556335
1.95963454246521
0.6108149886131287
2.1058642864227295
0.298552930355072
1.4874334335327148
0.34424981474876404
1.1066261529922485
-2.283320665359497
-2.4348814487457275
-3.194211483001709
-0.7121094465255737
0.7829399108886719
0.9588729739189148
0.7722769975662231
0.021325377747416496
-1.2551409006118774
-0.6092917919158936
-0.4211728572845459
0.8910888433456421
0.4386899471282959
-0.9398325681686401
-0.0776849240064621
-1.0198019742965698
-0.0038080133963376284
1.0030465126037598
3.120335102081299
2.869002103805542
0.7829398512840271
-0.8712873458862305
-2.9314541816711426
-3.4729623794555664
-1.4089869260787964
0.8987051248550415
-0.4143182635307312
1.0434119701385498
0.28179728984832764
0.9801981449127197
0.3008376657962799
1.4706778526306152
-0.4181266129016876
-0.9969537258148193
-1.3282561302185059
-1.4805784225463867
-1.361767292022705
-0.25514093041419983
0.9634423851966858
1.2452400922775269
0.6770753860473633
0.5224674940109253
0.5354149341583252
-0.52399080991745
0.04722031205892563
0.7570449113845825
0.5635948777198792
0.580350399017334
1.2924598455429077
0.16450896859169006
0.5864430069923401
-0.24295517802238464
0.242955282330513
-0.21553704142570496
-0.04645848646759987
-0.26275697350502014
-0.5674030184745789
0.04950476810336113
-0.553693950176239
0.38385382294654846
-0.4478292465209961
1.6557501554489136
-0.06778381019830704
1.5841583013534546
-0.6968772411346436
-0.06092909723520279
-1.5125664472579956
-1.664889931678772
-2.9680118560791016
-1.8598631620407104
-1.9862908124923706
0.4112720191478729
0.4843868315219879
0.5415081977844238
0.45773032307624817
-0.14013712108135223
1.285605549812317
2.4706778526306152
1.539984941482544
2.2566640377044678
0.5102816224098206
-0.33663374185562134
0.4554455578327179
-0.9238380789756775
-0.9946685433387756
-2.297029733657837
-1.059406042098999
-0.6702204942703247
0.890327513217926
1.060167670249939
1.3358721733093262
1.2338156700134277
0.5064736008644104
-0.21477551758289337
0.5696876049041748
0.7273419499397278
0.1949732005596161
0.42041105031967163
1.2787511348724365
-0.45773032307624817
-0.8240674734115601
-2.0898702144622803
-2.9847681522369385
-1.572733998298645
-0.31606999039649963
1.2452400922775269
2.5651180744171143
2.4988577365875244
0.6610812544822693
-0.8735723495483398
-0.2536175847053528
-1.327494502067566
-1.927646279335022
-1.4356434345245361
-1.7798937559127808
-0.267326295375824
-0.07996945083141327
1.7730388641357422
2.4623003005981445
1.8240667581558228
1.8910892009735107
1.1789792776107788
1.1873570680618286
0.7425742149353027
-1.0974866151809692
-1.4653469324111938
-1.5338916778564453
-1.8065499067306519
-4.14775276184082
-0.33587247133255005
0.5605483055114746
2.2627573013305664
1.0411269664764404
0.8796650171279907
0.1759333461523056
-0.14927631616592407
-0.5559790134429932
-0.2680884897708893
-0.9489717483520508
0.9093678593635559
-1.6671744585037231
-2.879664897918701
-1.987052083015442
-2.5757806301116943
-0.3328256607055664
1.3884236812591553
1.869763970375061
2.801980495452881
1.0502667427062988
-0.3252097964286804
-0.012947582639753819
-2.0198020935058594
-1.4988576173782349
-0.9862908124923706
-1.297029733657837
-0.8354914784431458
0.02970312535762787
-0.10205679386854172
0.7699923515319824
0.6207157373428345
1.4562073945999146
0.7616145610809326
1.5993905067443848
-1.722772240638733
-1.125666856765747
-4.523990631103516
-2.139375925064087
-0.8964199423789978
-0.030464734882116318
0.7014471888542175
0.4904795289039612
1.373952865600586
0.9284084439277649
0.18659572303295135
1.372429370880127
0.2277229130268097
0.4607769250869751
-0.8522469401359558
-0.5498856902122498
-1.5224672555923462
-1.6130996942520142
0.6961155533790588
-0.04341181740164757
2.438690185546875
1.456207275390625
2.009901285171509
1.163746953010559
2.1690783500671387
-0.6039606332778931
0.8560549020767212
-1.6686972379684448
0.6351863145828247
-2.392993450164795
-1.179741382598877
-0.5217056274414062
-1.4447832107543945
-0.35262757539749146
0.20792093873023987
-0.3632904589176178
1.3549124002456665
0.06092939153313637
0.8415839672088623
0.5917749404907227
0.4935263395309448
-0.441736102104187
0.4592536985874176
0.07235295325517654
1.0845392942428589
0.6504185795783997
0.9961918592453003
1.03046452999115
0.8210205435752869
0.3686216175556183
0.37928420305252075
1.2094440460205078
0.3457731604576111
0.3838542103767395
-0.7204872965812683
0.3480583131313324
-0.9581109881401062
0.4364049434661865
-1.2490479946136475
0.23153068125247955
-0.9215534925460815
-1.8537704944610596
-1.3876614570617676
-1.0814931392669678
-0.3830917775630951
-0.6900227069854736
1.3914698362350464
1.544554591178894
0.8362526893615723
-0.297029972076416
-0.6062448024749756
-0.43945154547691345
-0.8872808218002319
0.3594822883605957
-0.5536933541297913
0.7105868458747864
-0.20944428443908691
0.11500375717878342
-0.747144341468811
0.5011429190635681
0.2627566456794739
1.3450113534927368
0.12185829132795334
0.2711343765258789
0.041888460516929626
-1.258186936378479
-1.178218126296997
-1.3160699605941772
-0.7616143822669983
0.3313019275665283
1.1157655715942383
0.7387662529945374
1.4280272722244263
-0.10510308295488358
-0.7143942713737488
-2.404416799545288
-2.632140636444092
-2.4036552906036377
-0.2551408112049103
0.2863673269748688
0.98857581615448
0.3747139871120453
1.166032075881958
-0.054836519062519073
1.1934502124786377
0.49276456236839294
0.3472965359687805
0.1858336329460144
0.2734196186065674
-0.12490439414978027
1.2597105503082275
1.4927645921707153
1.236100435256958
0.679360032081604
0.12795092165470123
-0.6336637735366821
-0.7083013653755188
-1.0654990673065186
0.41279470920562744
-0.9619192481040955
0.48971807956695557
1.4722009897232056
0.3800452947616577
0.667174220085144
0.4257424473762512
-0.9794360995292664
-0.6793606281280518
-0.6024372577667236
0.1683167964220047
-0.9177459478378296
-1.3731913566589355
-1.4348814487457275
-0.9619189500808716
-0.6458495855331421
-0.18811842799186707
-0.27113470435142517
-0.45011377334594727
-0.08834727853536606
-1.420411467552185
-0.657273530960083
-0.8118809461593628
-0.10738763958215714
0.05255107209086418
0.14775319397449493
-0.3137851357460022
1.0632141828536987
0.5072358250617981
1.3290174007415771
1.6161463260650635
0.5346533060073853
-0.6161460280418396
0.23610013723373413
-1.0007619857788086
-0.6100531220436096
-1.3137848377227783
0.22848397493362427
-0.3838536739349365
-0.08301566541194916
-0.5613095164299011
0.2079203873872757
0.27037307620048523
-1.09824800491333
0.8385377526283264
0.5544552206993103
0.32749414443969727
-1.0487430095672607
-0.8278748393058777
-1.2894132137298584
-0.08606214821338654
-0.08301569521427155
0.7402890920639038
1.2109673023223877
1.1447069644927979
1.2277227640151978
1.4584919214248657
1.5468391180038452
1.4577302932739258
-0.236862450838089
-0.08834701776504517
0.13709083199501038
-0.19116529822349548
-1.3739523887634277
0.07463844120502472
-0.833968460559845
0.5575019717216492
0.580350399017334
1.202589511871338
1.0426503419876099
1.03046452999115
-0.32216328382492065
0.1919267177581787
-0.3876621425151825
-0.16907882690429688
-0.7174405455589294
-0.4158419072628021
-0.2627567648887634
-0.927647054195404
-0.45696842670440674
-0.5788273215293884
-0.019040457904338837
-0.24219346046447754
0.14394471049308777
0.7616146206855774
0.2825591564178467
0.8111193776130676
0.48286372423171997
-0.12871325016021729
0.7174409627914429
1.5643563270568848
-0.054074712097644806
1.0220870971679688
-0.66412752866745
-0.21477504074573517
-1.4394512176513672
0.03503449261188507
-0.9543029069900513
0.11728820949792862
-0.9611574411392212
1.4120333194732666
-0.19649626314640045
1.0319880247116089
-0.7349579334259033
0.11195692420005798
-0.4965726435184479
0.4249807596206665
-0.9497331976890564
0.06092938780784607
-0.6199538707733154
-0.2368621528148651
0.5209444761276245
0.9786747097969055
1.3434882164001465
-0.37852275371551514
-2.699923276901245
-1.6458494663238525
-2.7928407192230225
-1.2383850812911987
-0.06397569179534912
0.9657272696495056
2.9900989532470703
1.6923078298568726
3.2368619441986084
1.0015231370925903
0.8987053632736206
0.5811123251914978
-0.4417361319065094
-1.9101299047470093
-0.6146232485771179
-2.0883474349975586
-0.7166789174079895
-0.42269641160964966
-0.9893378615379333
-0.23076960444450378
0.518659234046936
0.13099785149097443
0.5239905714988708
-0.39603960514068604
-0.623762309551239
-0.3838537931442261
-0.45163777470588684
0.08910874277353287
-0.528560221195221
-0.07235317677259445
-0.0015236741164699197
-1.0159943103790283
-1.027418613433838
-0.8103575110435486
-0.9680123329162598
-0.450875848531723
-1.0654993057250977
-0.15841561555862427
0.22162964940071106
0.820259153842926
0.12185878306627274
1.042650580406189
0.132521390914917
0.129474937915802
-0.012947582639753819
-0.40365543961524963
0.7418125867843628
0.1949731409549713
1.4950494766235352
1.3457729816436768
1.1805024147033691
1.1553691625595093
-0.48819467425346375
-1.4440217018127441
-1.3137849569320679
-2.3975629806518555
-1.8728102445602417
-1.699924111366272
-0.7638990879058838
-0.20335152745246887
2.197258234024048
0.04722055420279503
1.6641279458999634
0.2048744261264801
0.029703419655561447
0.4897180199623108
0.3952779769897461
1.0076161623001099
2.2421934604644775
0.8522466421127319
2.3998477458953857
0.258949339389801
-0.35643571615219116
-0.13328270614147186
-0.7608526349067688
-0.5590248703956604
0.2673264443874359
-0.6808834671974182
0.852246880531311
-0.5392235517501831
-0.011424442753195763
-0.4036555290222168
0.7425740957260132
-0.03122643753886223
0.022086884826421738
0.6999236941337585
0.8347295522689819
0.8910888433456421
0.9504951238632202
0.39908596873283386
0.16907843947410583
-0.8339680433273315
-1.4485914707183838
-1.2216293811798096
-1.6991626024246216
-0.6329018473625183
-0.03503389656543732
0.7319115996360779
1.1165270805358887
0.2810359299182892
0.20868223905563354
-0.7067787051200867
0.6793603897094727
-0.023609675467014313
0.5674027800559998
0.006854246370494366
1.6717441082000732
0.35415104031562805
-0.35567358136177063
0.2688499093055725
-1.3564351797103882
-0.18354904651641846
-0.26808854937553406
-1.3320635557174683
-0.412033349275589
-1.1089105606079102
-0.9603959918022156
-1.0335112810134888
-1.4127949476242065
-1.0106629133224487
-1.7083016633987427
-1.3099766969680786
-0.38994652032852173
0.7517134547233582
0.2802741229534149
1.7296266555786133
1.0220868587493896
1.4958109855651855
0.01751716621220112
-0.4333585500717163
0.4006093442440033
0.17364826798439026
-0.8301602602005005
-1.1249043941497803
1.0312262773513794
-0.03046484664082527
0.9588730335235596
0.5095200538635254
1.1073875427246094
1.0388424396514893
0.24523986876010895
-0.06930718570947647
0.4501141309738159
-0.02894132398068905
1.1744097471237183
0.4554457366466522
0.7380045056343079
0.3412032425403595
-0.43792858719825745
-0.2140139639377594
0.2452399879693985
-0.21172912418842316
0.3952781558036804
0.017517274245619774
0.48210203647613525
0.4127953052520752
-0.12338154017925262
-1.338156819343567
-0.4127953052520752
-2.1964967250823975
0.26351872086524963
-0.29626768827438354
0.22696124017238617
-0.23610079288482666
-0.10434134304523468
-0.11348071694374084
0.4196496605873108
-0.5879660248756409
-0.14394529163837433
-0.174409881234169
0.7433359026908875
0.3472962975502014
-0.12947431206703186
0.16831673681735992
0.17212481796741486
-0.22696128487586975
0.3160700798034668
-1.6123383045196533
0.4044171869754791
-0.8316832780838013
0.09367868304252625
-0.9809593558311462
-0.5887282490730286
-1.1401374340057373
-0.852246880531311
-2.075399875640869
1.226961374282837
-0.9162227511405945
2.166031837463379
-0.36405202746391296
2.402132272720337
0.39832428097724915
0.6123383641242981
-0.16983990371227264
1.0563595294952393
0.5247524380683899
1.4523992538452148
0.7677074074745178
1.308453917503357
1.3914697170257568
0.08682414144277573
-0.67555171251297
-0.2833206057548523
-0.43259668350219727
-0.7380043864250183
-0.5818737745285034
-0.5841585993766785
-0.28255897760391235
-0.22086837887763977
0.7669457793235779
0.03960403427481651
0.4173649251461029
0.9375478625297546
-0.5293217301368713
0.4645848572254181
0.07235328108072281
-1.0099014043807983
-0.6374713182449341
0.28484368324279785
1.1972582340240479
-0.9550648331642151
-1.0335114002227783
-0.2650417387485504
0.12033530324697495
-0.11576515436172485
1.275704264640808
0.8088346719741821
1.1218584775924683
-0.6846914291381836
0.09139394015073776
-1.1576539278030396
-0.31911638379096985
-1.1043416261672974
-0.04417375847697258
0.32140129804611206
-0.30388426780700684
-0.10586454719305038
-0.7174406051635742
-0.6534656286239624
-0.3183549642562866
0.7524755001068115
0.09444019943475723
1.095963478088379
1.2589490413665771
-0.056359607726335526
0.019040532410144806
-0.4485911726951599
-0.444783091545105
-0.2970297634601593
-1.4455442428588867
-0.8987047672271729
-0.8309217691421509
-1.3762379884719849
-0.4691547751426697
-0.6237626671791077
-0.1858339011669159
0.18583406507968903
0.003046446479856968
-0.31987789273262024
0.2916986048221588
0.839299201965332
0.46001505851745605
1.0830157995224
0.31683188676834106
-0.07463806122541428
0.22848430275917053
-0.006092935334891081
1.2109671831130981
-0.9603962302207947
0.49581125378608704
-0.7387664914131165
0.4851486384868622
0.004569469019770622
-0.6108151078224182
0.3031226098537445
-0.9398323893547058
-0.10129477828741074
-0.6504190564155579
1.7341963052749634
-0.7479055523872375
0.5536940693855286
0.37623775005340576
0.13175952434539795
0.5734958648681641
0.2528558671474457
-0.3686216175556183
0.6945926547050476
0.29017528891563416
-0.19345033168792725
-1.2117290496826172
-0.3762374818325043
-1.675552248954773
-0.3800455331802368
-0.9032749533653259
0.028941545635461807
0.630617082118988
0.549124002456665
0.4463062286376953
0.7425740361213684
0.10814909636974335
-0.1401371955871582
0.30236124992370605
-0.7273417115211487
0.5491241216659546
-1.1713635921478271
0.8065500855445862
-0.12871287763118744
1.4828636646270752
0.4044175148010254
-0.6900230050086975
-0.9977150559425354
-1.3084535598754883
-1.1645087003707886
-0.16755521297454834
-0.6359480619430542
0.12718985974788666
-0.34196507930755615
-0.431835412979126
0.3366338014602661
0.006092836149036884
0.7646610736846924
-1.1012946367263794
0.04798193275928497
-1.1127188205718994
0.1675550639629364
0.2391471266746521
1.158415675163269
1.0015233755111694
0.223153218626976
0.5430310964584351
-0.1713632047176361
0.35719701647758484
0.18659570813179016
0.01294746994972229
0.37547606229782104
0.05331286042928696
0.17212484776973724
1.0144704580307007
0.6184308528900146
0.29093682765960693
-0.19649638235569
-1.0685454607009888
0.2878901958465576
-1.4920032024383545
-0.7479056715965271
0.25437915325164795
-0.588728129863739
1.09977126121521
-0.36100542545318604
0.562071681022644
-0.7471441030502319
-0.06626034528017044
1.08758544921875
0.6816452741622925
1.3084540367126465
0.5194212794303894
-0.003808130044490099
-0.4775322675704956
-0.8530083298683167
0.4364049732685089
-0.7349579334259033
0.08225443959236145
0.3648132085800171
0.2574257254600525
-0.13252098858356476
-0.6169077157974243
-0.16146235167980194
0.12871304154396057
0.11881205439567566
0.19192688167095184
0.4173647165298462
0.10510299354791641
-0.2239147424697876
-0.4638232886791229
0.9687736630439758
-0.34653452038764954
-1.738004446029663
-0.9733433127403259
-0.8834729790687561
-0.6565119028091431
0.35034266114234924
0.4265044033527374
0.9619191288948059
1.035034418106079
1.721248984336853
0.6382331848144531
2.0913937091827393
0.010662777349352837
0.3968014121055603
0.7875092625617981
0.40441757440567017
1.260472297668457
0.1721247136592865
-0.28332069516181946
0.6184312105178833
-1.2406704425811768
-0.7098249197006226
-0.11195747554302216
-0.6405177116394043
-0.26199567317962646
-0.7212491631507874
0.03351102024316788
-0.6633661389350891
0.4881947934627533
-1.5186597108840942
-0.05940578132867813
-1.6009138822555542
0.24523980915546417
-0.30388447642326355
1.3754760026931763
0.22391460835933685
1.0609289407730103
0.36862149834632874
1.05864417552948
-0.4904796779155731
0.8080729842185974
-0.1332823932170868
0.5498856902122498
-0.2962680459022522
-0.1348056197166443
-0.2932215631008148
0.39832428097724915
0.2429552674293518
0.16679351031780243
0.9977149367332458
0.15384605526924133
0.14927637577056885
0.8156894445419312
-1.1241432428359985
-0.22391453385353088
-1.02360999584198
-0.95278000831604
-0.19421175122261047
-0.2680881917476654
-0.18126429617404938
0.22467632591724396
0.15003828704357147
-0.14851486682891846
0.14775344729423523
-0.7128714323043823
-0.5674029588699341
-1.884995937347412
-0.5818735957145691
-0.97715163230896
0.011424127966165543
-0.07006844878196716
0.376999169588089
0.5201828479766846
-0.5613102316856384
-0.40974879264831543
-0.34044158458709717
0.04645868390798569
-0.25894901156425476
0.6587967872619629
0.7471439242362976
0.8941356539726257
0.19725801050662994
-0.666412889957428
-0.06245250254869461
-0.2185836136341095
-0.4607769846916199
-0.46382343769073486
-0.5369382500648499
-0.005331114865839481
0.7669457197189331
0.2147754281759262
0.6671743988990784
0.19649668037891388
-0.4348818063735962
-1.2208681106567383
0.08758550882339478
-0.07311481237411499
-0.29855313897132874
-0.846153736114502
0.5277990698814392
0.23000754415988922
-0.39680126309394836
0.3701447546482086
0.21858333051204681
0.8941357731819153
1.8857578039169312
0.4074636995792389
0.9322162866592407
0.08530096709728241
-0.5361765027046204
-1.012186050415039
-0.16146209836006165
0.6016753315925598
0.5955824255943298
1.278751015663147
1.041127324104309
0.8080733418464661
1.0913937091827393
0.6260473132133484
0.2322925180196762
0.45620712637901306
-0.3929930627346039
-0.24371647834777832
-0.24523970484733582
-1.0213251113891602
-0.11348074674606323
-1.586443305015564
-0.8172124624252319
-0.7532370090484619
-1.288651704788208
-1.444021224975586
-0.20182785391807556
-0.4356434643268585
0.793602466583252
-0.6770752668380737
1.9436403512954712
-0.06473711878061295
0.08453897386789322
0.4539220929145813
0.14394520223140717
0.292460173368454
1.1370906829833984
0.21401357650756836
1.5986289978027344
0.8286365270614624
-0.7974106669425964
-0.1942119002342224
-0.7402892708778381
0.5506472587585449
0.6108151078224182
-0.625285804271698
0.6755521893501282
-0.2604723572731018
-0.04112743213772774
-0.04341227561235428
0.020563649013638496
0.1028178483247757
-0.14699168503284454
-0.6824069023132324
-0.23381556570529938
0.6862146258354187
-0.8766182661056519
0.11652720719575882
-0.19040371477603912
0.43259701132774353
-0.6367097496986389
-0.9360244870185852
-0.022848378866910934
-0.786747932434082
-0.638994574546814
0.12490496784448624
-0.3450115919113159
0.2627568542957306
0.09139392524957657
-0.463061660528183
0.5178979635238647
0.18811862170696259
-0.6115763187408447
0.3518661558628082
-0.3503427803516388
0.15917755663394928
-1.0099010467529297
-0.2559024393558502
-1.2764660120010376
0.1012948527932167
-1.5293220281600952
-0.372429758310318
-0.7616143822669983
0.239908829331398
-0.5384613871574402
0.5346534252166748
-0.40289434790611267
-0.09063214808702469
-0.5635946989059448
-1.099771499633789
-0.8811882138252258
0.5719723701477051
-0.06321420520544052
0.6298553347587585
0.0967249795794487
0.32063961029052734
0.15308475494384766
0.142422154545784
0.7555218935012817
-0.32597118616104126
1.4402132034301758
0.5963442921638489
1.5993907451629639
-0.08834749460220337
0.6725055575370789
-0.9543032050132751
0.7357199192047119
-0.2170601785182953
-0.22772277891635895
-0.9474483728408813
-0.2612338364124298
-0.5742576718330383
1.0220867395401
-0.20639775693416595
0.46991628408432007
-0.0038078611250966787
0.5194210410118103
-0.41584140062332153
0.7326732873916626
0.5674030780792236
0.08987037092447281
1.308453917503357
0.680883526802063
2.054074764251709
-0.5734959244728088
0.8004568815231323
-0.7479057908058167
0.4676315486431122
0.7699922919273376
0.6016756296157837
-0.016923222690820694
0.732711672782898
-0.5062794089317322
-0.9801743030548096
0.4791666865348816
-0.3773278295993805
0.854337215423584
-0.23159614205360413
0.454849511384964
0.44378697872161865
1.1188035011291504
-0.8962836861610413
0.8741259574890137
-1.747126579284668
-0.898926854133606
0.40452489256858826
-0.13553127646446228
0.8609824776649475
-0.911820113658905
-0.44634366035461426
-0.6096153855323792
-1.0584224462509155
-1.0562129020690918
-1.4255743026733398
-0.6629552841186523
0.10974337160587311
0.09147587418556213
1.3266595602035522
0.39529913663864136
1.7713977098464966
0.21428561210632324
-0.9487181901931763
0.114253468811512
-1.1067736148834229
-0.03846157342195511
-0.2674555778503418
0.8040866255760193
0.03785082325339317
-0.05086851492524147
0.41740232706069946
0.3448718190193176
0.9569752216339111
0.6671087741851807
-0.17139014601707458
0.938186764717102
0.07832147181034088
0.5512821674346924
-0.08127705752849579
-0.30621278285980225
-0.37104079127311707
